31.21
31.21
31.21
31.21
31.21
31.21
31.21
31.21
31.191
31.19
31.19
31.19
31.19
31.19
31.19
31.19
31.19
31.19
31.19
31.19
31.171
31.17
31.17
31.17
31.17
31.17
31.17
31.17
31.151
31.15
31.15
31.15
31.15
31.15
31.15
31.15
31.15
31.15
31.15
31.15
31.131
31.13
31.13
31.13
31.149
31.15
31.15
31.15
31.112
31.11
31.11
31.11
31.11
31.11
31.11
31.11
31.129
31.13
31.13
31.13
31.111
31.11
31.11
31.11
31.11
31.11
31.11
31.11
31.091
31.09
31.09
31.09
31.071
31.07
31.07
31.07
31.07
31.07
31.07
31.07
31.07
31.07
31.07
31.07
31.051
31.05
31.05
31.05
31.031
31.03
31.03
31.03
31.049
31.05
31.05
31.05
31.031
31.03
31.03
31.03
31.049
31.05
31.05
31.05
31.031
31.03
31.03
31.03
31.049
31.05
31.05
31.05
31.031
31.03
31.03
31.03
31.011
31.01
31.01
31.01
31.048
31.05
31.05
31.05
31.012
31.01
31.01
31.01
31.01
31.01
31.01
31.01
31.029
31.03
31.03
31.03
30.992
30.99
30.99
30.99
31.028
31.03
31.03
31.03
31.011
31.01
31.01
31.01
31.01
31.01
31.01
31.01
30.972
30.97
30.97
30.97
31.008
31.01
31.01
31.01
30.991
30.99
30.99
30.99
30.99
30.99
30.99
30.99
30.971
30.97
30.97
30.97
30.97
30.97
30.97
30.97
30.951
30.95
30.95
30.95
30.969
30.97
30.97
30.97
30.989
30.99
30.99
30.99
30.971
30.97
30.97
30.97
30.951
30.95
30.95
30.95
30.969
30.97
30.97
30.97
30.951
30.95
30.95
30.95
30.931
30.93
30.93
30.93
30.93
30.93
30.93
30.93
30.968
30.97
30.97
30.97
30.932
30.93
30.93
30.93
30.911
30.91
30.91
30.91
30.967
30.97
30.97
30.97
30.932
30.93
30.93
30.93
30.93
30.93
30.93
30.93
30.93
30.93
30.93
30.93
30.93
30.93
30.93
30.93
30.93
30.93
30.93
30.93
30.93
30.93
30.93
30.93
30.892
30.89
30.89
30.89
30.928
30.93
30.93
30.93
30.911
30.91
30.91
30.91
30.91
30.91
30.91
30.91
30.891
30.89
30.89
30.89
30.89
30.89
30.89
30.89
30.89
30.89
30.89
30.89
30.909
30.91
30.91
30.91
30.891
30.89
30.89
30.89
30.871
30.87
30.87
30.87
30.889
30.89
30.89
30.89
30.871
30.87
30.87
30.87
30.87
30.87
30.87
30.87
30.889
30.89
30.89
30.89
30.871
30.87
30.87
30.87
30.87
30.87
30.87
30.87
30.87
30.87
30.87
30.87
30.87
30.87
30.87
30.87
30.851
30.85
30.85
30.85
30.869
30.87
30.87
30.87
30.87
30.87
30.87
30.87
30.851
30.85
30.85
30.85
30.85
30.85
30.85
30.85
30.85
30.85
30.85
30.85
30.831
30.83
30.83
30.83
30.83
30.83
30.83
30.83
30.83
30.83
30.83
30.83
30.83
30.83
30.83
30.83
30.849
30.85
30.85
30.85
30.85
30.85
30.85
30.85
30.831
30.83
30.83
30.83
30.83
30.83
30.83
30.83
30.811
30.81
30.81
30.81
30.829
30.83
30.83
30.83
30.811
30.81
30.81
30.81
30.81
30.81
30.81
30.81
30.829
30.83
30.83
30.83
30.811
30.81
30.81
30.81
30.81
30.81
30.81
30.81
30.81
30.81
30.81
30.81
30.81
30.81
30.81
30.81
30.81
30.81
30.81
30.81
30.791
30.79
30.79
30.79
30.79
30.79
30.79
30.79
30.79
30.79
30.79
30.79
30.809
30.81
30.81
30.81
30.791
30.79
30.79
30.79
30.809
30.81
30.81
30.81
30.791
30.79
30.79
30.79
30.79
30.79
30.79
30.79
30.771
30.77
30.77
30.77
30.789
30.79
30.79
30.79
30.771
30.77
30.77
30.77
30.789
30.79
30.79
30.79
30.771
30.77
30.77
30.77
30.77
30.77
30.77
30.77
30.789
30.79
30.79
30.79
30.79
30.79
30.79
30.79
30.771
30.77
30.77
30.77
30.77
30.77
30.77
30.77
30.789
30.79
30.79
30.79
30.771
30.77
30.77
30.77
30.77
30.77
30.77
30.77
30.77
30.77
30.77
30.77
30.77
30.77
30.77
30.77
30.77
30.77
30.77
30.77
30.77
30.77
30.77
30.77
30.789
30.79
30.79
30.79
30.79
30.79
30.79
30.79
30.79
30.79
30.79
30.79
30.809
30.81
30.81
30.81
30.791
30.79
30.79
30.79
30.809
30.81
30.81
30.81
30.772
30.77
30.77
30.77
30.808
30.81
30.81
30.81
30.791
30.79
30.79
30.79
30.79
30.79
30.79
30.79
30.79
30.79
30.79
30.79
30.79
30.79
30.79
30.79
30.79
30.79
30.79
30.79
30.809
30.81
30.81
30.81
30.791
30.79
30.79
30.79
30.79
30.79
30.79
30.79
30.828
30.83
30.83
30.83
30.811
30.81
30.81
30.81
30.81
30.81
30.81
30.81
30.791
30.79
30.79
30.79
30.809
30.81
30.81
30.81
30.81
30.81
30.81
30.81
30.829
30.83
30.83
30.83
30.83
30.83
30.83
30.83
30.811
30.81
30.81
30.81
30.81
30.81
30.81
30.81
30.829
30.83
30.83
30.83
30.887
30.89
30.89
30.89
30.813
30.81
30.81
30.81
30.829
30.83
30.83
30.83
30.849
30.85
30.85
30.85
30.85
30.85
30.85
30.85
30.85
30.85
30.85
30.85
30.869
30.87
30.87
30.87
30.832
30.83
30.83
30.83
30.868
30.87
30.87
30.87
30.851
30.85
30.85
30.85
30.869
30.87
30.87
30.87
30.851
30.85
30.85
30.85
30.869
30.87
30.87
30.87
30.87
30.87
30.87
30.87
30.889
30.89
30.89
30.89
30.909
30.91
30.91
30.91
30.891
30.89
30.89
30.89
30.89
30.89
30.89
30.89
30.928
30.93
30.93
30.93
30.911
30.91
30.91
30.91
30.91
30.91
30.91
30.91
30.91
30.91
30.91
30.91
30.91
30.91
30.91
30.91
30.91
30.91
30.91
30.91
30.929
30.93
30.93
30.93
30.93
30.93
30.93
30.93
30.93
30.93
30.93
30.93
30.93
30.93
30.93
30.93
30.93
30.93
30.93
30.93
30.949
30.95
30.95
30.95
30.95
30.95
30.95
30.95
30.969
30.97
30.97
30.97
30.97
30.97
30.97
30.97
30.97
30.97
30.97
30.97
30.951
30.95
30.95
30.95
30.969
30.97
30.97
30.97
30.97
30.97
30.97
30.97
30.989
30.99
30.99
30.99
30.971
30.97
30.97
30.97
30.97
30.97
30.97
30.97
30.97
30.97
30.97
30.97
30.989
30.99
30.99
30.99
30.99
30.99
30.99
30.99
30.971
30.97
30.97
30.97
30.989
30.99
30.99
30.99
30.99
30.99
30.99
30.99
30.99
30.99
30.99
30.99
31.009
31.01
31.01
31.01
31.01
31.01
31.01
31.01
31.029
31.03
31.03
31.03
31.011
31.01
31.01
31.01
31.01
31.01
31.01
31.01
31.01
31.01
31.01
31.01
31.029
31.03
31.03
31.03
31.011
31.01
31.01
31.01
31.01
31.01
31.01
31.01
31.067
31.07
31.07
31.07
31.051
31.05
31.05
31.05
31.031
31.03
31.03
31.03
31.049
31.05
31.05
31.05
31.05
31.05
31.05
31.05
31.069
31.07
31.07
31.07
31.089
31.09
31.09
31.09
31.052
31.05
31.05
31.05
31.069
31.07
31.07
31.07
31.07
31.07
31.07
31.07
31.07
31.07
31.07
31.07
31.07
31.07
31.07
31.07
31.07
31.07
31.07
31.07
31.089
31.09
31.09
31.09
31.09
31.09
31.09
31.09
31.071
31.07
31.07
31.07
31.07
31.07
31.07
31.07
31.108
31.11
31.11
31.11
31.11
31.11
31.11
31.11
31.11
31.11
31.11
31.11
31.091
31.09
31.09
31.09
31.128
31.13
31.13
31.13
31.13
31.13
31.13
31.13
31.13
31.13
31.13
31.13
31.111
31.11
31.11
31.11
31.11
31.11
31.11
31.11
31.129
31.13
31.13
31.13
31.13
31.13
31.13
31.13
31.149
31.15
31.15
31.15
31.131
31.13
31.13
31.13
31.168
31.17
31.17
31.17
31.151
31.15
31.15
31.15
31.131
31.13
31.13
31.13
31.149
31.15
31.15
31.15
31.15
31.15
31.15
31.15
31.15
31.15
31.15
31.15
31.15
31.15
31.15
31.15
31.15
31.15
31.15
31.15
31.15
31.15
31.15
31.15
31.169
31.17
31.17
31.17
31.17
31.17
31.17
31.17
31.151
31.15
31.15
31.15
31.169
31.17
31.17
31.17
31.17
31.17
31.17
31.17
31.151
31.15
31.15
31.15
31.169
31.17
31.17
31.17
31.17
31.17
31.17
31.17
31.151
31.15
31.15
31.15
31.169
31.17
31.17
31.17
31.189
31.19
31.19
31.19
31.19
31.19
31.19
31.19
31.209
31.21
31.21
31.21
31.191
31.19
31.19
31.19
31.19
31.19
31.19
31.19
31.209
31.21
31.21
31.21
31.191
31.19
31.19
31.19
31.19
31.19
31.19
31.19
31.209
31.21
31.21
31.21
31.21
31.21
31.21
31.21
31.21
31.21
31.21
31.21
31.191
31.19
31.19
31.19
31.209
31.21
31.21
31.21
31.229
31.23
31.23
31.23
31.23
31.23
31.23
31.23
31.23
31.23
31.23
31.23
31.23
31.23
31.23
31.23
31.23
31.23
31.23
31.23
31.23
31.23
31.23
31.23
31.23
31.23
31.23
31.23
31.23
31.23
31.23
31.23
31.249
31.25
31.25
31.25
31.231
31.23
31.23
31.23
31.249
31.25
31.25
31.25
31.269
31.27
31.27
31.27
31.27
31.27
31.27
31.27
31.27
31.27
31.27
31.27
31.27
31.27
31.27
31.27
31.27
31.27
31.27
31.27
31.27
31.27
31.27
31.27
31.27
31.27
31.27
31.27
31.289
31.29
31.29
31.29
31.309
31.31
31.31
31.31
31.291
31.29
31.29
31.29
31.29
31.29
31.29
31.29
31.309
31.31
31.31
31.31
31.31
31.31
31.31
31.31
31.31
31.31
31.31
31.31
31.31
31.31
31.31
31.31
31.31
31.31
31.31
31.31
31.329
31.33
31.33
31.33
31.311
31.31
31.31
31.31
31.329
31.33
31.33
31.33
31.33
31.33
31.33
31.33
31.33
31.33
31.33
31.33
31.349
31.35
31.35
31.35
31.331
31.33
31.33
31.33
31.33
31.33
31.33
31.33
31.349
31.35
31.35
31.35
31.35
31.35
31.35
31.35
31.369
31.37
31.37
31.37
31.37
31.37
31.37
31.37
31.37
31.37
31.37
31.37
31.351
31.35
31.35
31.35
31.369
31.37
31.37
31.37
31.389
31.39
31.39
31.39
31.39
31.39
31.39
31.39
31.371
31.37
31.37
31.37
31.37
31.37
31.37
31.37
31.351
31.35
31.35
31.35
31.369
31.37
31.37
31.37
31.389
31.39
31.39
31.39
31.371
31.37
31.37
31.37
31.389
31.39
31.39
31.39
31.371
31.37
31.37
31.37
31.408
31.41
31.41
31.41
31.41
31.41
31.41
31.41
31.391
31.39
31.39
31.39
31.39
31.39
31.39
31.39
31.428
31.43
31.43
31.43
31.449
31.45
31.45
31.45
31.412
31.41
31.41
31.41
31.41
31.41
31.41
31.41
31.391
31.39
31.39
31.39
31.409
31.41
31.41
31.41
31.41
31.41
31.41
31.41
31.41
31.41
31.41
31.41
31.41
31.41
31.41
31.41
31.41
31.41
31.41
31.41
31.41
31.41
31.41
31.41
31.429
31.43
31.43
31.43
31.411
31.41
31.41
31.41
31.429
31.43
31.43
31.43
31.468
31.47
31.47
31.47
31.432
31.43
31.43
31.43
31.449
31.45
31.45
31.45
31.431
31.43
31.43
31.43
31.43
31.43
31.43
31.43
31.449
31.45
31.45
31.45
31.45
31.45
31.45
31.45
31.431
31.43
31.43
31.43
31.468
31.47
31.47
31.47
31.451
31.45
31.45
31.45
31.45
31.45
31.45
31.45
31.45
31.45
31.45
31.45
31.469
31.47
31.47
31.47
31.47
31.47
31.47
31.47
31.47
31.47
31.47
31.47
31.489
31.49
31.49
31.49
31.471
31.47
31.47
31.47
31.47
31.47
31.47
31.47
31.489
31.49
31.49
31.49
31.471
31.47
31.47
31.47
31.47
31.47
31.47
31.47
31.47
31.47
31.47
31.47
31.489
31.49
31.49
31.49
31.49
31.49
31.49
31.49
31.471
31.47
31.47
31.47
31.489
31.49
31.49
31.49
31.49
31.49
31.49
31.49
31.509
31.51
31.51
31.51
31.529
31.53
31.53
31.53
31.53
31.53
31.53
31.53
31.492
31.49
31.49
31.49
31.509
31.51
31.51
31.51
31.529
31.53
31.53
31.53
31.511
31.51
31.51
31.51
31.529
31.53
31.53
31.53
31.511
31.51
31.51
31.51
31.548
31.55
31.55
31.55
31.55
31.55
31.55
31.55
31.512
31.51
31.51
31.51
31.51
31.51
31.51
31.51
31.529
31.53
31.53
31.53
31.549
31.55
31.55
31.55
31.55
31.55
31.55
31.55
31.531
31.53
31.53
31.53
31.549
31.55
31.55
31.55
31.531
31.53
31.53
31.53
31.568
31.57
31.57
31.57
31.57
31.57
31.57
31.57
31.589
31.59
31.59
31.59
31.571
31.57
31.57
31.57
31.589
31.59
31.59
31.59
31.609
31.61
31.61
31.61
31.572
31.57
31.57
31.57
31.589
31.59
31.59
31.59
31.59
31.59
31.59
31.59
31.59
31.59
31.59
31.59
31.59
31.59
31.59
31.59
31.628
31.63
31.63
31.63
31.611
31.61
31.61
31.61
31.61
31.61
31.61
31.61
31.61
31.61
31.61
31.61
31.61
31.61
31.61
31.61
31.648
31.65
31.65
31.65
31.631
31.63
31.63
31.63
31.63
31.63
31.63
31.63
31.63
31.63
31.63
31.63
31.63
31.63
31.63
31.63
31.63
31.63
31.63
31.63
31.649
31.65
31.65
31.65
31.65
31.65
31.65
31.65
31.65
31.65
31.65
31.65
31.65
31.65
31.65
31.65
31.669
31.67
31.67
31.67
31.689
31.69
31.69
31.69
31.69
31.69
31.69
31.69
31.671
31.67
31.67
31.67
31.67
31.67
31.67
31.67
31.67
31.67
31.67
31.67
31.651
31.65
31.65
31.65
31.65
31.65
31.65
31.65
31.688
31.69
31.69
31.69
31.671
31.67
31.67
31.67
31.689
31.69
31.69
31.69
31.69
31.69
31.69
31.69
31.69
31.69
31.69
31.69
31.69
31.69
31.69
31.69
31.709
31.71
31.71
31.71
31.71
31.71
31.71
31.71
31.71
31.71
31.71
31.71
31.71
31.71
31.71
31.71
31.71
31.71
31.71
31.71
31.748
31.75
31.75
31.75
31.731
31.73
31.73
31.73
31.73
31.73
31.73
31.73
31.73
31.73
31.73
31.73
31.711
31.71
31.71
31.71
31.71
31.71
31.71
31.71
31.729
31.73
31.73
31.73
31.749
31.75
31.75
31.75
31.769
31.77
31.77
31.77
31.77
31.77
31.77
31.77
31.789
31.79
31.79
31.79
31.771
31.77
31.77
31.77
31.77
31.77
31.77
31.77
31.789
31.79
31.79
31.79
31.79
31.79
31.79
31.79
31.771
31.77
31.77
31.77
31.789
31.79
31.79
31.79
31.771
31.77
31.77
31.77
31.789
31.79
31.79
31.79
31.809
31.81
31.81
31.81
31.791
31.79
31.79
31.79
31.809
31.81
31.81
31.81
31.81
31.81
31.81
31.81
31.791
31.79
31.79
31.79
31.79
31.79
31.79
31.79
31.809
31.81
31.81
31.81
31.829
31.83
31.83
31.83
31.792
31.79
31.79
31.79
31.79
31.79
31.79
31.79
31.809
31.81
31.81
31.81
31.81
31.81
31.81
31.81
31.81
31.81
31.81
31.81
31.791
31.79
31.79
31.79
31.809
31.81
31.81
31.81
31.81
31.81
31.81
31.81
31.81
31.81
31.81
31.81
31.829
31.83
31.83
31.83
31.849
31.85
31.85
31.85
31.812
31.81
31.81
31.81
31.81
31.81
31.81
31.81
31.829
31.83
31.83
31.83
31.83
31.83
31.83
31.83
31.811
31.81
31.81
31.81
31.829
31.83
31.83
31.83
31.83
31.83
31.83
31.83
31.849
31.85
31.85
31.85
31.831
31.83
31.83
31.83
31.83
31.83
31.83
31.83
31.83
31.83
31.83
31.83
31.83
31.83
31.83
31.83
31.83
31.83
31.83
31.83
31.83
31.83
31.83
31.83
31.811
31.81
31.81
31.81
31.829
31.83
31.83
31.83
31.83
31.83
31.83
31.83
31.811
31.81
31.81
31.81
31.81
31.81
31.81
31.81
31.829
31.83
31.83
31.83
31.811
31.81
31.81
31.81
31.81
31.81
31.81
31.81
31.829
31.83
31.83
31.83
31.83
31.83
31.83
31.83
31.83
31.83
31.83
31.83
31.83
31.83
31.83
31.83
31.83
31.83
31.83
31.83
31.811
31.81
31.81
31.81
31.829
31.83
31.83
31.83
31.83
31.83
31.83
31.83
31.83
31.83
31.83
31.83
31.811
31.81
31.81
31.81
31.829
31.83
31.83
31.83
31.811
31.81
31.81
31.81
31.829
31.83
31.83
31.83
31.83
31.83
31.83
31.83
31.811
31.81
31.81
31.81
31.81
31.81
31.81
31.81
31.829
31.83
31.83
31.83
31.811
31.81
31.81
31.81
31.829
31.83
31.83
31.83
31.83
31.83
31.83
31.83
31.83
31.83
31.83
31.83
31.83
31.83
31.83
31.83
31.83
31.83
31.83
31.83
31.811
31.81
31.81
31.81
31.829
31.83
31.83
31.83
31.811
31.81
31.81
31.81
31.81
31.81
31.81
31.81
31.81
31.81
31.81
31.81
31.829
31.83
31.83
31.83
31.811
31.81
31.81
31.81
31.829
31.83
31.83
31.83
31.811
31.81
31.81
31.81
31.81
31.81
31.81
31.81
31.81
31.81
31.81
31.81
31.829
31.83
31.83
31.83
31.811
31.81
31.81
31.81
31.829
31.83
31.83
31.83
31.83
31.83
31.83
31.83
31.83
31.83
31.83
31.83
31.83
31.83
31.83
31.83
31.811
31.81
31.81
31.81
31.81
31.81
31.81
31.81
31.829
31.83
31.83
31.83
31.83
31.83
31.83
31.83
31.83
31.83
31.83
31.83
31.849
31.85
31.85
31.85
31.812
31.81
31.81
31.81
31.829
31.83
31.83
31.83
31.83
31.83
31.83
31.83
31.83
31.83
31.83
31.83
31.849
31.85
31.85
31.85
31.85
31.85
31.85
31.85
31.85
31.85
31.85
31.85
31.85
31.85
31.85
31.85
31.85
31.85
31.85
31.85
31.85
31.85
31.85
31.85
31.85
31.85
31.85
31.85
31.85
31.85
31.85
31.85
31.85
31.85
31.85
31.85
31.85
31.85
31.85
31.85
31.85
31.85
31.85
31.85
31.85
31.85
31.85
31.85
31.85
31.85
31.85
31.85
31.869
31.87
31.87
31.87
31.851
31.85
31.85
31.85
31.85
31.85
31.85
31.85
31.85
31.85
31.85
31.85
31.85
31.85
31.85
31.85
31.869
31.87
31.87
31.87
31.87
31.87
31.87
31.87
31.87
31.87
31.87
31.87
31.87
31.87
31.87
31.87
31.851
31.85
31.85
31.85
31.869
31.87
31.87
31.87
31.889
31.89
31.89
31.89
31.871
31.87
31.87
31.87
31.87
31.87
31.87
31.87
31.908
31.91
31.91
31.91
31.872
31.87
31.87
31.87
31.889
31.89
31.89
31.89
31.89
31.89
31.89
31.89
31.928
31.93
31.93
31.93
31.911
31.91
31.91
31.91
31.91
31.91
31.91
31.91
31.91
31.91
31.91
31.91
31.91
31.91
31.91
31.91
31.91
31.91
31.91
31.91
31.91
31.91
31.91
31.91
31.91
31.91
31.91
31.91
31.929
31.93
31.93
31.93
31.93
31.93
31.93
31.93
31.93
31.93
31.93
31.93
31.93
31.93
31.93
31.93
31.949
31.95
31.95
31.95
31.969
31.97
31.97
31.97
31.951
31.95
31.95
31.95
31.95
31.95
31.95
31.95
31.95
31.95
31.95
31.95
31.969
31.97
31.97
31.97
31.97
31.97
31.97
31.97
31.951
31.95
31.95
31.95
31.95
31.95
31.95
31.95
31.95
31.95
31.95
31.95
31.969
31.97
31.97
31.97
31.989
31.99
31.99
31.99
31.971
31.97
31.97
31.97
31.97
31.97
31.97
31.97
31.97
31.97
31.97
31.97
31.999
32
32
32
32
32
32
32
31.971
31.97
31.97
31.97
31.989
31.99
31.99
31.99
32
32
32
32
31.971
31.97
31.97
31.97
31.999
32
32
32
31.971
31.97
31.97
31.97
31.999
32
32
32
32
32
32
32
31.99
31.99
31.99
31.99
31.99
31.99
31.99
31.99
32
32
32
32
32
32
32
32
32.029
32.03
32.03
32.03
32.03
32.03
32.03
32.03
32.001
32
32
32
32
32
32
32
32
32
32
32
32
32
32
32
32
32
32
32
32.029
32.03
32.03
32.03
32.03
32.03
32.03
32.03
32.001
32
32
32
32.048
32.05
32.05
32.05
32.05
32.05
32.05
32.05
32.031
32.03
32.03
32.03
32.03
32.03
32.03
32.03
32.049
32.05
32.05
32.05
32.031
32.03
32.03
32.03
32.03
32.03
32.03
32.03
32.049
32.05
32.05
32.05
32.031
32.03
32.03
32.03
32.049
32.05
32.05
32.05
32.05
32.05
32.05
32.05
32.031
32.03
32.03
32.03
32.049
32.05
32.05
32.05
32.05
32.05
32.05
32.05
32.031
32.03
32.03
32.03
32.049
32.05
32.05
32.05
32.069
32.07
32.07
32.07
32.051
32.05
32.05
32.05
32.031
32.03
32.03
32.03
32.049
32.05
32.05
32.05
32.031
32.03
32.03
32.03
32.03
32.03
32.03
32.03
32.001
32
32
32
32
32
32
32
32.029
32.03
32.03
32.03
32.03
32.03
32.03
32.03
32.03
32.03
32.03
32.03
32.001
32
32
32
32.029
32.03
32.03
32.03
32.03
32.03
32.03
32.03
32.001
32
32
32
32.048
32.05
32.05
32.05
32.05
32.05
32.05
32.05
32.05
32.05
32.05
32.05
32.031
32.03
32.03
32.03
32.03
32.03
32.03
32.03
32.03
32.03
32.03
32.03
32.001
32
32
32
32
32
32
32
32
32
32
32
32.029
32.03
32.03
32.03
32.03
32.03
32.03
32.03
32.001
32
32
32
32.029
32.03
32.03
32.03
32.049
32.05
32.05
32.05
32.002
32
32
32
32.029
32.03
32.03
32.03
32.03
32.03
32.03
32.03
32.049
32.05
32.05
32.05
32.031
32.03
32.03
32.03
32.049
32.05
32.05
32.05
32.031
32.03
32.03
32.03
32.049
32.05
32.05
32.05
32.05
32.05
32.05
32.05
32.069
32.07
32.07
32.07
32.032
32.03
32.03
32.03
32.068
32.07
32.07
32.07
32.07
32.07
32.07
32.07
32.051
32.05
32.05
32.05
32.031
32.03
32.03
32.03
32.049
32.05
32.05
32.05
32.05
32.05
32.05
32.05
32.069
32.07
32.07
32.07
32.07
32.07
32.07
32.07
32.051
32.05
32.05
32.05
32.05
32.05
32.05
32.05
32.069
32.07
32.07
32.07
32.051
32.05
32.05
32.05
32.069
32.07
32.07
32.07
32.07
32.07
32.07
32.07
32.051
32.05
32.05
32.05
32.069
32.07
32.07
32.07
32.089
32.09
32.09
32.09
32.09
32.09
32.09
32.09
32.09
32.09
32.09
32.09
32.052
32.05
32.05
32.05
32.088
32.09
32.09
32.09
32.071
32.07
32.07
32.07
32.07
32.07
32.07
32.07
32.07
32.07
32.07
32.07
32.051
32.05
32.05
32.05
32.069
32.07
32.07
32.07
32.07
32.07
32.07
32.07
32.07
32.07
32.07
32.07
32.051
32.05
32.05
32.05
32.088
32.09
32.09
32.09
32.071
32.07
32.07
32.07
32.07
32.07
32.07
32.07
32.089
32.09
32.09
32.09
32.109
32.11
32.11
32.11
32.091
32.09
32.09
32.09
32.071
32.07
32.07
32.07
32.089
32.09
32.09
32.09
32.109
32.11
32.11
32.11
32.11
32.11
32.11
32.11
32.11
32.11
32.11
32.11
32.129
32.13
32.13
32.13
32.111
32.11
32.11
32.11
32.129
32.13
32.13
32.13
32.13
32.13
32.13
32.13
32.13
32.13
32.13
32.13
32.149
32.15
32.15
32.15
32.15
32.15
32.15
32.15
32.15
32.15
32.15
32.15
32.131
32.13
32.13
32.13
32.149
32.15
32.15
32.15
32.131
32.13
32.13
32.13
32.149
32.15
32.15
32.15
32.15
32.15
32.15
32.15
32.179
32.18
32.18
32.18
32.18
32.18
32.18
32.18
32.18
32.18
32.18
32.18
32.18
32.18
32.18
32.18
32.18
32.18
32.18
32.18
32.228
32.23
32.23
32.23
32.182
32.18
32.18
32.18
32.209
32.21
32.21
32.21
32.181
32.18
32.18
32.18
32.18
32.18
32.18
32.18
32.209
32.21
32.21
32.21
32.181
32.18
32.18
32.18
32.209
32.21
32.21
32.21
32.181
32.18
32.18
32.18
32.209
32.21
32.21
32.21
32.21
32.21
32.21
32.21
32.21
32.21
32.21
32.21
32.21
32.21
32.21
32.21
32.21
32.21
32.21
32.21
32.181
32.18
32.18
32.18
32.209
32.21
32.21
32.21
32.229
32.23
32.23
32.23
32.249
32.25
32.25
32.25
32.212
32.21
32.21
32.21
32.229
32.23
32.23
32.23
32.23
32.23
32.23
32.23
32.211
32.21
32.21
32.21
32.229
32.23
32.23
32.23
32.23
32.23
32.23
32.23
32.23
32.23
32.23
32.23
32.23
32.23
32.23
32.23
32.211
32.21
32.21
32.21
32.229
32.23
32.23
32.23
32.23
32.23
32.23
32.23
32.23
32.23
32.23
32.23
32.249
32.25
32.25
32.25
32.231
32.23
32.23
32.23
32.23
32.23
32.23
32.23
32.23
32.23
32.23
32.23
32.23
32.23
32.23
32.23
32.249
32.25
32.25
32.25
32.25
32.25
32.25
32.25
32.231
32.23
32.23
32.23
32.249
32.25
32.25
32.25
32.25
32.25
32.25
32.25
32.25
32.25
32.25
32.25
32.231
32.23
32.23
32.23
32.249
32.25
32.25
32.25
32.25
32.25
32.25
32.25
32.231
32.23
32.23
32.23
32.211
32.21
32.21
32.21
32.229
32.23
32.23
32.23
32.23
32.23
32.23
32.23
32.23
32.23
32.23
32.23
32.23
32.23
32.23
32.23
32.249
32.25
32.25
32.25
32.231
32.23
32.23
32.23
32.23
32.23
32.23
32.23
32.23
32.23
32.23
32.23
32.211
32.21
32.21
32.21
32.229
32.23
32.23
32.23
32.249
32.25
32.25
32.25
32.25
32.25
32.25
32.25
32.25
32.25
32.25
32.25
32.25
32.25
32.25
32.25
32.231
32.23
32.23
32.23
32.23
32.23
32.23
32.23
32.249
32.25
32.25
32.25
32.25
32.25
32.25
32.25
32.25
32.25
32.25
32.25
32.269
32.27
32.27
32.27
32.251
32.25
32.25
32.25
32.25
32.25
32.25
32.25
32.25
32.25
32.25
32.25
32.25
32.25
32.25
32.25
32.269
32.27
32.27
32.27
32.251
32.25
32.25
32.25
32.269
32.27
32.27
32.27
32.251
32.25
32.25
32.25
32.25
32.25
32.25
32.25
32.231
32.23
32.23
32.23
32.249
32.25
32.25
32.25
32.212
32.21
32.21
32.21
32.229
32.23
32.23
32.23
32.211
32.21
32.21
32.21
32.229
32.23
32.23
32.23
32.211
32.21
32.21
32.21
32.21
32.21
32.21
32.21
32.229
32.23
32.23
32.23
32.211
32.21
32.21
32.21
32.181
32.18
32.18
32.18
32.209
32.21
32.21
32.21
32.181
32.18
32.18
32.18
32.209
32.21
32.21
32.21
32.21
32.21
32.21
32.21
32.181
32.18
32.18
32.18
32.18
32.18
32.18
32.18
32.18
32.18
32.18
32.18
32.161
32.16
32.16
32.16
32.15
32.15
32.15
32.15
32.179
32.18
32.18
32.18
32.151
32.15
32.15
32.15
32.179
32.18
32.18
32.18
32.151
32.15
32.15
32.15
32.16
32.16
32.16
32.16
32.15
32.15
32.15
32.15
32.16
32.16
32.16
32.16
32.16
32.16
32.16
32.16
32.15
32.15
32.15
32.15
32.16
32.16
32.16
32.16
32.179
32.18
32.18
32.18
32.161
32.16
32.16
32.16
32.179
32.18
32.18
32.18
32.18
32.18
32.18
32.18
32.161
32.16
32.16
32.16
32.227
32.23
32.23
32.23
32.23
32.23
32.23
32.23
32.211
32.21
32.21
32.21
32.229
32.23
32.23
32.23
32.23
32.23
32.23
32.23
32.211
32.21
32.21
32.21
32.21
32.21
32.21
32.21
32.21
32.21
32.21
32.21
32.21
32.21
32.21
32.21
32.229
32.23
32.23
32.23
32.23
32.23
32.23
32.23
32.249
32.25
32.25
32.25
32.231
32.23
32.23
32.23
32.249
32.25
32.25
32.25
32.25
32.25
32.25
32.25
32.25
32.25
32.25
32.25
32.25
32.25
32.25
32.25
32.269
32.27
32.27
32.27
32.27
32.27
32.27
32.27
32.27
32.27
32.27
32.27
32.289
32.29
32.29
32.29
32.29
32.29
32.29
32.29
32.271
32.27
32.27
32.27
32.27
32.27
32.27
32.27
32.289
32.29
32.29
32.29
32.271
32.27
32.27
32.27
32.289
32.29
32.29
32.29
32.271
32.27
32.27
32.27
32.308
32.31
32.31
32.31
32.329
32.33
32.33
32.33
32.292
32.29
32.29
32.29
32.29
32.29
32.29
32.29
32.271
32.27
32.27
32.27
32.289
32.29
32.29
32.29
32.309
32.31
32.31
32.31
32.31
32.31
32.31
32.31
32.329
32.33
32.33
32.33
32.33
32.33
32.33
32.33
32.34
32.34
32.34
32.34
32.34
32.34
32.34
32.34
32.33
32.33
32.33
32.33
32.34
32.34
32.34
32.34
32.33
32.33
32.33
32.33
32.311
32.31
32.31
32.31
32.329
32.33
32.33
32.33
32.33
32.33
32.33
32.33
32.292
32.29
32.29
32.29
32.309
32.31
32.31
32.31
32.339
32.34
32.34
32.34
32.33
32.33
32.33
32.33
32.33
32.33
32.33
32.33
32.34
32.34
32.34
32.34
32.34
32.34
32.34
32.34
32.34
32.34
32.34
32.34
32.34
32.34
32.34
32.34
32.34
32.34
32.34
32.34
32.34
32.34
32.34
32.34
32.369
32.37
32.37
32.37
32.341
32.34
32.34
32.34
32.34
32.34
32.34
32.34
32.369
32.37
32.37
32.37
32.37
32.37
32.37
32.37
32.37
32.37
32.37
32.37
32.37
32.37
32.37
32.37
32.37
32.37
32.37
32.37
32.389
32.39
32.39
32.39
32.39
32.39
32.39
32.39
32.371
32.37
32.37
32.37
32.389
32.39
32.39
32.39
32.39
32.39
32.39
32.39
32.39
32.39
32.39
32.39
32.371
32.37
32.37
32.37
32.389
32.39
32.39
32.39
32.371
32.37
32.37
32.37
32.389
32.39
32.39
32.39
32.409
32.41
32.41
32.41
32.372
32.37
32.37
32.37
32.408
32.41
32.41
32.41
32.391
32.39
32.39
32.39
32.409
32.41
32.41
32.41
32.391
32.39
32.39
32.39
32.39
32.39
32.39
32.39
32.409
32.41
32.41
32.41
32.391
32.39
32.39
32.39
32.409
32.41
32.41
32.41
32.41
32.41
32.41
32.41
32.391
32.39
32.39
32.39
32.39
32.39
32.39
32.39
32.409
32.41
32.41
32.41
32.391
32.39
32.39
32.39
32.39
32.39
32.39
32.39
32.39
32.39
32.39
32.39
32.409
32.41
32.41
32.41
32.391
32.39
32.39
32.39
32.409
32.41
32.41
32.41
32.429
32.43
32.43
32.43
32.411
32.41
32.41
32.41
32.41
32.41
32.41
32.41
32.391
32.39
32.39
32.39
32.39
32.39
32.39
32.39
32.409
32.41
32.41
32.41
32.41
32.41
32.41
32.41
32.391
32.39
32.39
32.39
32.39
32.39
32.39
32.39
32.39
32.39
32.39
32.39
32.39
32.39
32.39
32.39
32.409
32.41
32.41
32.41
32.372
32.37
32.37
32.37
32.408
32.41
32.41
32.41
32.391
32.39
32.39
32.39
32.39
32.39
32.39
32.39
32.409
32.41
32.41
32.41
32.41
32.41
32.41
32.41
32.41
32.41
32.41
32.41
32.41
32.41
32.41
32.41
32.41
32.41
32.41
32.41
32.429
32.43
32.43
32.43
32.411
32.41
32.41
32.41
32.391
32.39
32.39
32.39
32.409
32.41
32.41
32.41
32.391
32.39
32.39
32.39
32.409
32.41
32.41
32.41
32.391
32.39
32.39
32.39
32.409
32.41
32.41
32.41
32.41
32.41
32.41
32.41
32.391
32.39
32.39
32.39
32.39
32.39
32.39
32.39
32.409
32.41
32.41
32.41
32.429
32.43
32.43
32.43
32.411
32.41
32.41
32.41
32.391
32.39
32.39
32.39
32.39
32.39
32.39
32.39
32.409
32.41
32.41
32.41
32.391
32.39
32.39
32.39
32.409
32.41
32.41
32.41
32.391
32.39
32.39
32.39
32.409
32.41
32.41
32.41
32.372
32.37
32.37
32.37
32.389
32.39
32.39
32.39
32.39
32.39
32.39
32.39
32.409
32.41
32.41
32.41
32.391
32.39
32.39
32.39
32.409
32.41
32.41
32.41
32.391
32.39
32.39
32.39
32.409
32.41
32.41
32.41
32.41
32.41
32.41
32.41
32.391
32.39
32.39
32.39
32.409
32.41
32.41
32.41
32.41
32.41
32.41
32.41
32.41
32.41
32.41
32.41
32.41
32.41
32.41
32.41
32.41
32.41
32.41
32.41
32.429
32.43
32.43
32.43
32.411
32.41
32.41
32.41
32.41
32.41
32.41
32.41
32.41
32.41
32.41
32.41
32.429
32.43
32.43
32.43
32.43
32.43
32.43
32.43
32.43
32.43
32.43
32.43
32.449
32.45
32.45
32.45
32.431
32.43
32.43
32.43
32.43
32.43
32.43
32.43
32.449
32.45
32.45
32.45
32.431
32.43
32.43
32.43
32.43
32.43
32.43
32.43
32.43
32.43
32.43
32.43
32.449
32.45
32.45
32.45
32.45
32.45
32.45
32.45
32.45
32.45
32.45
32.45
32.45
32.45
32.45
32.45
32.469
32.47
32.47
32.47
32.451
32.45
32.45
32.45
32.469
32.47
32.47
32.47
32.47
32.47
32.47
32.47
32.47
32.47
32.47
32.47
32.451
32.45
32.45
32.45
32.45
32.45
32.45
32.45
32.469
32.47
32.47
32.47
32.47
32.47
32.47
32.47
32.451
32.45
32.45
32.45
32.488
32.49
32.49
32.49
32.471
32.47
32.47
32.47
32.47
32.47
32.47
32.47
32.47
32.47
32.47
32.47
32.47
32.47
32.47
32.47
32.47
32.47
32.47
32.47
32.451
32.45
32.45
32.45
32.45
32.45
32.45
32.45
32.469
32.47
32.47
32.47
32.489
32.49
32.49
32.49
32.452
32.45
32.45
32.45
32.45
32.45
32.45
32.45
32.45
32.45
32.45
32.45
32.45
32.45
32.45
32.45
32.469
32.47
32.47
32.47
32.47
32.47
32.47
32.47
32.451
32.45
32.45
32.45
32.469
32.47
32.47
32.47
32.432
32.43
32.43
32.43
32.449
32.45
32.45
32.45
32.431
32.43
32.43
32.43
32.43
32.43
32.43
32.43
32.43
32.43
32.43
32.43
32.43
32.43
32.43
32.43
32.449
32.45
32.45
32.45
32.45
32.45
32.45
32.45
32.45
32.45
32.45
32.45
32.431
32.43
32.43
32.43
32.43
32.43
32.43
32.43
32.411
32.41
32.41
32.41
32.448
32.45
32.45
32.45
32.431
32.43
32.43
32.43
32.411
32.41
32.41
32.41
32.448
32.45
32.45
32.45
32.45
32.45
32.45
32.45
32.469
32.47
32.47
32.47
32.432
32.43
32.43
32.43
32.449
32.45
32.45
32.45
32.45
32.45
32.45
32.45
32.431
32.43
32.43
32.43
32.411
32.41
32.41
32.41
32.429
32.43
32.43
32.43
32.449
32.45
32.45
32.45
32.45
32.45
32.45
32.45
32.431
32.43
32.43
32.43
32.411
32.41
32.41
32.41
32.429
32.43
32.43
32.43
32.43
32.43
32.43
32.43
32.43
32.43
32.43
32.43
32.411
32.41
32.41
32.41
32.429
32.43
32.43
32.43
32.43
32.43
32.43
32.43
32.43
32.43
32.43
32.43
32.43
32.43
32.43
32.43
32.411
32.41
32.41
32.41
32.41
32.41
32.41
32.41
32.41
32.41
32.41
32.41
32.429
32.43
32.43
32.43
32.411
32.41
32.41
32.41
32.391
32.39
32.39
32.39
32.428
32.43
32.43
32.43
32.411
32.41
32.41
32.41
32.41
32.41
32.41
32.41
32.429
32.43
32.43
32.43
32.411
32.41
32.41
32.41
32.429
32.43
32.43
32.43
32.392
32.39
32.39
32.39
32.409
32.41
32.41
32.41
32.429
32.43
32.43
32.43
32.411
32.41
32.41
32.41
32.41
32.41
32.41
32.41
32.41
32.41
32.41
32.41
32.429
32.43
32.43
32.43
32.411
32.41
32.41
32.41
32.448
32.45
32.45
32.45
32.431
32.43
32.43
32.43
32.449
32.45
32.45
32.45
32.45
32.45
32.45
32.45
32.469
32.47
32.47
32.47
32.451
32.45
32.45
32.45
32.469
32.47
32.47
32.47
32.451
32.45
32.45
32.45
32.469
32.47
32.47
32.47
32.47
32.47
32.47
32.47
32.47
32.47
32.47
32.47
32.489
32.49
32.49
32.49
32.49
32.49
32.49
32.49
32.471
32.47
32.47
32.47
32.489
32.49
32.49
32.49
32.471
32.47
32.47
32.47
32.489
32.49
32.49
32.49
32.49
32.49
32.49
32.49
32.49
32.49
32.49
32.49
32.528
32.53
32.53
32.53
32.492
32.49
32.49
32.49
32.5
32.5
32.5
32.5
32.5
32.5
32.5
32.5
32.49
32.49
32.49
32.49
32.5
32.5
32.5
32.5
32.5
32.5
32.5
32.5
32.5
32.5
32.5
32.5
32.529
32.53
32.53
32.53
32.53
32.53
32.53
32.53
32.501
32.5
32.5
32.5
32.529
32.53
32.53
32.53
32.501
32.5
32.5
32.5
32.5
32.5
32.5
32.5
32.529
32.53
32.53
32.53
32.53
32.53
32.53
32.53
32.549
32.55
32.55
32.55
32.55
32.55
32.55
32.55
32.502
32.5
32.5
32.5
32.529
32.53
32.53
32.53
32.549
32.55
32.55
32.55
32.55
32.55
32.55
32.55
32.569
32.57
32.57
32.57
32.551
32.55
32.55
32.55
32.531
32.53
32.53
32.53
32.549
32.55
32.55
32.55
32.569
32.57
32.57
32.57
32.532
32.53
32.53
32.53
32.549
32.55
32.55
32.55
32.55
32.55
32.55
32.55
32.588
32.59
32.59
32.59
32.552
32.55
32.55
32.55
32.55
32.55
32.55
32.55
32.531
32.53
32.53
32.53
32.549
32.55
32.55
32.55
32.55
32.55
32.55
32.55
32.569
32.57
32.57
32.57
32.57
32.57
32.57
32.57
32.551
32.55
32.55
32.55
32.569
32.57
32.57
32.57
32.551
32.55
32.55
32.55
32.569
32.57
32.57
32.57
32.551
32.55
32.55
32.55
32.55
32.55
32.55
32.55
32.531
32.53
32.53
32.53
32.568
32.57
32.57
32.57
32.589
32.59
32.59
32.59
32.571
32.57
32.57
32.57
32.57
32.57
32.57
32.57
32.532
32.53
32.53
32.53
32.549
32.55
32.55
32.55
32.569
32.57
32.57
32.57
32.551
32.55
32.55
32.55
32.55
32.55
32.55
32.55
32.588
32.59
32.59
32.59
32.571
32.57
32.57
32.57
32.551
32.55
32.55
32.55
32.55
32.55
32.55
32.55
32.569
32.57
32.57
32.57
32.551
32.55
32.55
32.55
32.55
32.55
32.55
32.55
32.569
32.57
32.57
32.57
32.551
32.55
32.55
32.55
32.55
32.55
32.55
32.55
32.531
32.53
32.53
32.53
32.53
32.53
32.53
32.53
32.53
32.53
32.53
32.53
32.501
32.5
32.5
32.5
32.529
32.53
32.53
32.53
32.501
32.5
32.5
32.5
32.5
32.5
32.5
32.5
32.5
32.5
32.5
32.5
32.49
32.49
32.49
32.49
32.49
32.49
32.49
32.49
32.5
32.5
32.5
32.5
32.49
32.49
32.49
32.49
32.49
32.49
32.49
32.49
32.471
32.47
32.47
32.47
32.47
32.47
32.47
32.47
32.47
32.47
32.47
32.47
32.47
32.47
32.47
32.47
32.451
32.45
32.45
32.45
32.45
32.45
32.45
32.45
32.469
32.47
32.47
32.47
32.451
32.45
32.45
32.45
32.431
32.43
32.43
32.43
32.43
32.43
32.43
32.43
32.449
32.45
32.45
32.45
32.431
32.43
32.43
32.43
32.449
32.45
32.45
32.45
32.431
32.43
32.43
32.43
32.43
32.43
32.43
32.43
32.449
32.45
32.45
32.45
32.45
32.45
32.45
32.45
32.431
32.43
32.43
32.43
32.468
32.47
32.47
32.47
32.451
32.45
32.45
32.45
32.45
32.45
32.45
32.45
32.45
32.45
32.45
32.45
32.45
32.45
32.45
32.45
32.469
32.47
32.47
32.47
32.47
32.47
32.47
32.47
32.489
32.49
32.49
32.49
32.471
32.47
32.47
32.47
32.47
32.47
32.47
32.47
32.489
32.49
32.49
32.49
32.49
32.49
32.49
32.49
32.49
32.49
32.49
32.49
32.471
32.47
32.47
32.47
32.47
32.47
32.47
32.47
32.47
32.47
32.47
32.47
32.47
32.47
32.47
32.47
32.47
32.47
32.47
32.47
32.489
32.49
32.49
32.49
32.471
32.47
32.47
32.47
32.489
32.49
32.49
32.49
32.471
32.47
32.47
32.47
32.489
32.49
32.49
32.49
32.49
32.49
32.49
32.49
32.471
32.47
32.47
32.47
32.499
32.5
32.5
32.5
32.49
32.49
32.49
32.49
32.49
32.49
32.49
32.49
32.49
32.49
32.49
32.49
32.49
32.49
32.49
32.49
32.49
32.49
32.49
32.49
32.5
32.5
32.5
32.5
32.5
32.5
32.5
32.5
32.5
32.5
32.5
32.5
32.49
32.49
32.49
32.49
32.49
32.49
32.49
32.49
32.49
32.49
32.49
32.49
32.5
32.5
32.5
32.5
32.5
32.5
32.5
32.5
32.5
32.5
32.5
32.5
32.49
32.49
32.49
32.49
32.5
32.5
32.5
32.5
32.5
32.5
32.5
32.5
32.5
32.5
32.5
32.5
32.5
32.5
32.5
32.5
32.5
32.5
32.5
32.5
32.5
32.5
32.5
32.5
32.49
32.49
32.49
32.49
32.5
32.5
32.5
32.5
32.5
32.5
32.5
32.5
32.529
32.53
32.53
32.53
32.501
32.5
32.5
32.5
32.5
32.5
32.5
32.5
32.5
32.5
32.5
32.5
32.529
32.53
32.53
32.53
32.501
32.5
32.5
32.5
32.5
32.5
32.5
32.5
32.529
32.53
32.53
32.53
32.501
32.5
32.5
32.5
32.548
32.55
32.55
32.55
32.55
32.55
32.55
32.55
32.55
32.55
32.55
32.55
32.55
32.55
32.55
32.55
32.55
32.55
32.55
32.55
32.531
32.53
32.53
32.53
32.53
32.53
32.53
32.53
32.549
32.55
32.55
32.55
32.55
32.55
32.55
32.55
32.55
32.55
32.55
32.55
32.569
32.57
32.57
32.57
32.551
32.55
32.55
32.55
32.569
32.57
32.57
32.57
32.551
32.55
32.55
32.55
32.55
32.55
32.55
32.55
32.55
32.55
32.55
32.55
32.55
32.55
32.55
32.55
32.569
32.57
32.57
32.57
32.589
32.59
32.59
32.59
32.571
32.57
32.57
32.57
32.589
32.59
32.59
32.59
32.571
32.57
32.57
32.57
32.589
32.59
32.59
32.59
32.571
32.57
32.57
32.57
32.589
32.59
32.59
32.59
32.59
32.59
32.59
32.59
32.609
32.61
32.61
32.61
32.591
32.59
32.59
32.59
32.609
32.61
32.61
32.61
32.61
32.61
32.61
32.61
32.591
32.59
32.59
32.59
32.609
32.61
32.61
32.61
32.61
32.61
32.61
32.61
32.648
32.65
32.65
32.65
32.612
32.61
32.61
32.61
32.629
32.63
32.63
32.63
32.63
32.63
32.63
32.63
32.63
32.63
32.63
32.63
32.63
32.63
32.63
32.63
32.63
32.63
32.63
32.63
32.63
32.63
32.63
32.63
32.63
32.63
32.63
32.63
32.649
32.65
32.65
32.65
32.65
32.65
32.65
32.65
32.65
32.65
32.65
32.65
32.631
32.63
32.63
32.63
32.649
32.65
32.65
32.65
32.65
32.65
32.65
32.65
32.65
32.65
32.65
32.65
32.65
32.65
32.65
32.65
32.65
32.65
32.65
32.65
32.65
32.65
32.65
32.65
32.65
32.65
32.65
32.65
32.66
32.66
32.66
32.66
32.66
32.66
32.66
32.66
32.66
32.66
32.66
32.66
32.66
32.66
32.66
32.66
32.66
32.66
32.66
32.66
32.66
32.66
32.66
32.66
32.679
32.68
32.68
32.68
32.651
32.65
32.65
32.65
32.66
32.66
32.66
32.66
32.66
32.66
32.66
32.66
32.65
32.65
32.65
32.65
32.65
32.65
32.65
32.65
32.65
32.65
32.65
32.65
32.65
32.65
32.65
32.65
32.66
32.66
32.66
32.66
32.65
32.65
32.65
32.65
32.65
32.65
32.65
32.65
32.66
32.66
32.66
32.66
32.65
32.65
32.65
32.65
32.66
32.66
32.66
32.66
32.66
32.66
32.66
32.66
32.65
32.65
32.65
32.65
32.65
32.65
32.65
32.65
32.631
32.63
32.63
32.63
32.649
32.65
32.65
32.65
32.66
32.66
32.66
32.66
32.65
32.65
32.65
32.65
32.65
32.65
32.65
32.65
32.66
32.66
32.66
32.66
32.66
32.66
32.66
32.66
32.66
32.66
32.66
32.66
32.66
32.66
32.66
32.66
32.66
32.66
32.66
32.66
32.66
32.66
32.66
32.66
32.66
32.66
32.66
32.66
32.65
32.65
32.65
32.65
32.66
32.66
32.66
32.66
32.66
32.66
32.66
32.66
32.66
32.66
32.66
32.66
32.66
32.66
32.66
32.66
32.679
32.68
32.68
32.68
32.661
32.66
32.66
32.66
32.679
32.68
32.68
32.68
32.709
32.71
32.71
32.71
32.681
32.68
32.68
32.68
32.68
32.68
32.68
32.68
32.68
32.68
32.68
32.68
32.68
32.68
32.68
32.68
32.68
32.68
32.68
32.68
32.709
32.71
32.71
32.71
32.662
32.66
32.66
32.66
32.708
32.71
32.71
32.71
32.681
32.68
32.68
32.68
32.661
32.66
32.66
32.66
32.66
32.66
32.66
32.66
32.679
32.68
32.68
32.68
32.661
32.66
32.66
32.66
32.66
32.66
32.66
32.66
32.679
32.68
32.68
32.68
32.68
32.68
32.68
32.68
32.68
32.68
32.68
32.68
32.661
32.66
32.66
32.66
32.679
32.68
32.68
32.68
32.661
32.66
32.66
32.66
32.65
32.65
32.65
32.65
32.66
32.66
32.66
32.66
32.65
32.65
32.65
32.65
32.65
32.65
32.65
32.65
32.65
32.65
32.65
32.65
32.65
32.65
32.65
32.65
32.66
32.66
32.66
32.66
32.679
32.68
32.68
32.68
32.651
32.65
32.65
32.65
32.65
32.65
32.65
32.65
32.66
32.66
32.66
32.66
32.66
32.66
32.66
32.66
32.66
32.66
32.66
32.66
32.66
32.66
32.66
32.66
32.66
32.66
32.66
32.66
32.65
32.65
32.65
32.65
32.65
32.65
32.65
32.65
32.65
32.65
32.65
32.65
32.66
32.66
32.66
32.66
32.66
32.66
32.66
32.66
32.65
32.65
32.65
32.65
32.679
32.68
32.68
32.68
32.651
32.65
32.65
32.65
32.65
32.65
32.65
32.65
32.65
32.65
32.65
32.65
32.66
32.66
32.66
32.66
32.65
32.65
32.65
32.65
32.65
32.65
32.65
32.65
32.66
32.66
32.66
32.66
32.66
32.66
32.66
32.66
32.66
32.66
32.66
32.66
32.708
32.71
32.71
32.71
32.662
32.66
32.66
32.66
32.66
32.66
32.66
32.66
32.679
32.68
32.68
32.68
32.68
32.68
32.68
32.68
32.661
32.66
32.66
32.66
32.679
32.68
32.68
32.68
32.68
32.68
32.68
32.68
32.709
32.71
32.71
32.71
32.681
32.68
32.68
32.68
32.661
32.66
32.66
32.66
32.66
32.66
32.66
32.66
32.66
32.66
32.66
32.66
32.66
32.66
32.66
32.66
32.65
32.65
32.65
32.65
32.679
32.68
32.68
32.68
32.68
32.68
32.68
32.68
32.68
32.68
32.68
32.68
32.709
32.71
32.71
32.71
32.681
32.68
32.68
32.68
32.68
32.68
32.68
32.68
32.709
32.71
32.71
32.71
32.681
32.68
32.68
32.68
32.68
32.68
32.68
32.68
32.68
32.68
32.68
32.68
32.728
32.73
32.73
32.73
32.711
32.71
32.71
32.71
32.729
32.73
32.73
32.73
32.711
32.71
32.71
32.71
32.71
32.71
32.71
32.71
32.71
32.71
32.71
32.71
32.71
32.71
32.71
32.71
32.729
32.73
32.73
32.73
32.73
32.73
32.73
32.73
32.711
32.71
32.71
32.71
32.71
32.71
32.71
32.71
32.71
32.71
32.71
32.71
32.729
32.73
32.73
32.73
32.73
32.73
32.73
32.73
32.73
32.73
32.73
32.73
32.73
32.73
32.73
32.73
32.749
32.75
32.75
32.75
32.731
32.73
32.73
32.73
32.73
32.73
32.73
32.73
32.749
32.75
32.75
32.75
32.75
32.75
32.75
32.75
32.75
32.75
32.75
32.75
32.75
32.75
32.75
32.75
32.75
32.75
32.75
32.75
32.769
32.77
32.77
32.77
32.77
32.77
32.77
32.77
32.751
32.75
32.75
32.75
32.75
32.75
32.75
32.75
32.75
32.75
32.75
32.75
32.769
32.77
32.77
32.77
32.751
32.75
32.75
32.75
32.769
32.77
32.77
32.77
32.77
32.77
32.77
32.77
32.751
32.75
32.75
32.75
32.75
32.75
32.75
32.75
32.769
32.77
32.77
32.77
32.751
32.75
32.75
32.75
32.75
32.75
32.75
32.75
32.769
32.77
32.77
32.77
32.751
32.75
32.75
32.75
32.75
32.75
32.75
32.75
32.75
32.75
32.75
32.75
32.75
32.75
32.75
32.75
32.75
32.75
32.75
32.75
32.769
32.77
32.77
32.77
32.751
32.75
32.75
32.75
32.731
32.73
32.73
32.73
32.73
32.73
32.73
32.73
32.73
32.73
32.73
32.73
32.73
32.73
32.73
32.73
32.682
32.68
32.68
32.68
32.68
32.68
32.68
32.68
32.661
32.66
32.66
32.66
32.66
32.66
32.66
32.66
32.679
32.68
32.68
32.68
32.68
32.68
32.68
32.68
32.68
32.68
32.68
32.68
32.68
32.68
32.68
32.68
32.68
32.68
32.68
32.68
32.661
32.66
32.66
32.66
32.65
32.65
32.65
32.65
32.66
32.66
32.66
32.66
32.679
32.68
32.68
32.68
32.661
32.66
32.66
32.66
32.66
32.66
32.66
32.66
32.66
32.66
32.66
32.66
32.679
32.68
32.68
32.68
32.661
32.66
32.66
32.66
32.66
32.66
32.66
32.66
32.65
32.65
32.65
32.65
32.65
32.65
32.65
32.65
32.66
32.66
32.66
32.66
32.631
32.63
32.63
32.63
32.63
32.63
32.63
32.63
32.63
32.63
32.63
32.63
32.649
32.65
32.65
32.65
32.631
32.63
32.63
32.63
32.611
32.61
32.61
32.61
32.61
32.61
32.61
32.61
32.629
32.63
32.63
32.63
32.611
32.61
32.61
32.61
32.61
32.61
32.61
32.61
32.61
32.61
32.61
32.61
32.629
32.63
32.63
32.63
32.63
32.63
32.63
32.63
32.649
32.65
32.65
32.65
32.631
32.63
32.63
32.63
32.63
32.63
32.63
32.63
32.592
32.59
32.59
32.59
32.59
32.59
32.59
32.59
32.609
32.61
32.61
32.61
32.61
32.61
32.61
32.61
32.61
32.61
32.61
32.61
32.591
32.59
32.59
32.59
32.571
32.57
32.57
32.57
32.57
32.57
32.57
32.57
32.57
32.57
32.57
32.57
32.551
32.55
32.55
32.55
32.569
32.57
32.57
32.57
32.57
32.57
32.57
32.57
32.57
32.57
32.57
32.57
32.57
32.57
32.57
32.57
32.57
32.57
32.57
32.57
32.57
32.57
32.57
32.57
32.57
32.57
32.57
32.57
32.551
32.55
32.55
32.55
32.55
32.55
32.55
32.55
32.55
32.55
32.55
32.55
32.531
32.53
32.53
32.53
32.549
32.55
32.55
32.55
32.55
32.55
32.55
32.55
32.531
32.53
32.53
32.53
32.53
32.53
32.53
32.53
32.53
32.53
32.53
32.53
32.501
32.5
32.5
32.5
32.529
32.53
32.53
32.53
32.53
32.53
32.53
32.53
32.492
32.49
32.49
32.49
32.528
32.53
32.53
32.53
32.501
32.5
32.5
32.5
32.49
32.49
32.49
32.49
32.49
32.49
32.49
32.49
32.49
32.49
32.49
32.49
32.471
32.47
32.47
32.47
32.47
32.47
32.47
32.47
32.47
32.47
32.47
32.47
32.47
32.47
32.47
32.47
32.432
32.43
32.43
32.43
32.449
32.45
32.45
32.45
32.431
32.43
32.43
32.43
32.43
32.43
32.43
32.43
32.43
32.43
32.43
32.43
32.43
32.43
32.43
32.43
32.43
32.43
32.43
32.43
32.411
32.41
32.41
32.41
32.429
32.43
32.43
32.43
32.411
32.41
32.41
32.41
32.41
32.41
32.41
32.41
32.391
32.39
32.39
32.39
32.39
32.39
32.39
32.39
32.39
32.39
32.39
32.39
32.409
32.41
32.41
32.41
32.41
32.41
32.41
32.41
32.391
32.39
32.39
32.39
32.409
32.41
32.41
32.41
32.429
32.43
32.43
32.43
32.411
32.41
32.41
32.41
32.391
32.39
32.39
32.39
32.39
32.39
32.39
32.39
32.409
32.41
32.41
32.41
32.372
32.37
32.37
32.37
32.389
32.39
32.39
32.39
32.409
32.41
32.41
32.41
32.41
32.41
32.41
32.41
32.391
32.39
32.39
32.39
32.409
32.41
32.41
32.41
32.391
32.39
32.39
32.39
32.409
32.41
32.41
32.41
32.41
32.41
32.41
32.41
32.391
32.39
32.39
32.39
32.409
32.41
32.41
32.41
32.391
32.39
32.39
32.39
32.371
32.37
32.37
32.37
32.37
32.37
32.37
32.37
32.341
32.34
32.34
32.34
32.34
32.34
32.34
32.34
32.33
32.33
32.33
32.33
32.33
32.33
32.33
32.33
32.311
32.31
32.31
32.31
32.31
32.31
32.31
32.31
32.31
32.31
32.31
32.31
32.291
32.29
32.29
32.29
32.29
32.29
32.29
32.29
32.271
32.27
32.27
32.27
32.308
32.31
32.31
32.31
32.272
32.27
32.27
32.27
32.289
32.29
32.29
32.29
32.271
32.27
32.27
32.27
32.27
32.27
32.27
32.27
32.289
32.29
32.29
32.29
32.309
32.31
32.31
32.31
32.291
32.29
32.29
32.29
32.271
32.27
32.27
32.27
32.27
32.27
32.27
32.27
32.308
32.31
32.31
32.31
32.31
32.31
32.31
32.31
32.291
32.29
32.29
32.29
32.271
32.27
32.27
32.27
32.251
32.25
32.25
32.25
32.288
32.29
32.29
32.29
32.252
32.25
32.25
32.25
32.25
32.25
32.25
32.25
32.231
32.23
32.23
32.23
32.211
32.21
32.21
32.21
32.21
32.21
32.21
32.21
32.21
32.21
32.21
32.21
32.181
32.18
32.18
32.18
32.161
32.16
32.16
32.16
32.16
32.16
32.16
32.16
32.16
32.16
32.16
32.16
32.131
32.13
32.13
32.13
32.149
32.15
32.15
32.15
32.131
32.13
32.13
32.13
32.149
32.15
32.15
32.15
32.131
32.13
32.13
32.13
32.111
32.11
32.11
32.11
32.11
32.11
32.11
32.11
32.129
32.13
32.13
32.13
32.092
32.09
32.09
32.09
32.109
32.11
32.11
32.11
32.11
32.11
32.11
32.11
32.091
32.09
32.09
32.09
32.09
32.09
32.09
32.09
32.09
32.09
32.09
32.09
32.09
32.09
32.09
32.09
32.109
32.11
32.11
32.11
32.11
32.11
32.11
32.11
32.091
32.09
32.09
32.09
32.09
32.09
32.09
32.09
32.109
32.11
32.11
32.11
32.11
32.11
32.11
32.11
32.11
32.11
32.11
32.11
32.11
32.11
32.11
32.11
32.091
32.09
32.09
32.09
32.071
32.07
32.07
32.07
32.089
32.09
32.09
32.09
32.109
32.11
32.11
32.11
32.072
32.07
32.07
32.07
32.07
32.07
32.07
32.07
32.089
32.09
32.09
32.09
32.09
32.09
32.09
32.09
32.09
32.09
32.09
32.09
32.09
32.09
32.09
32.09
32.09
32.09
32.09
32.09
32.09
32.09
32.09
32.09
32.09
32.09
32.09
32.09
32.109
32.11
32.11
32.11
32.091
32.09
32.09
32.09
32.09
32.09
32.09
32.09
32.071
32.07
32.07
32.07
32.089
32.09
32.09
32.09
32.09
32.09
32.09
32.09
32.109
32.11
32.11
32.11
32.072
32.07
32.07
32.07
32.089
32.09
32.09
32.09
32.071
32.07
32.07
32.07
32.089
32.09
32.09
32.09
32.071
32.07
32.07
32.07
32.089
32.09
32.09
32.09
32.109
32.11
32.11
32.11
32.072
32.07
32.07
32.07
32.07
32.07
32.07
32.07
32.089
32.09
32.09
32.09
32.071
32.07
32.07
32.07
32.089
32.09
32.09
32.09
32.071
32.07
32.07
32.07
32.07
32.07
32.07
32.07
32.051
32.05
32.05
32.05
32.069
32.07
32.07
32.07
32.051
32.05
32.05
32.05
32.05
32.05
32.05
32.05
32.05
32.05
32.05
32.05
32.069
32.07
32.07
32.07
32.032
32.03
32.03
32.03
31.992
31.99
31.99
31.99
31.99
31.99
31.99
31.99
31.971
31.97
31.97
31.97
31.97
31.97
31.97
31.97
31.97
31.97
31.97
31.97
31.989
31.99
31.99
31.99
31.971
31.97
31.97
31.97
31.97
31.97
31.97
31.97
31.97
31.97
31.97
31.97
31.97
31.97
31.97
31.97
31.951
31.95
31.95
31.95
31.95
31.95
31.95
31.95
31.969
31.97
31.97
31.97
31.97
31.97
31.97
31.97
31.951
31.95
31.95
31.95
31.95
31.95
31.95
31.95
31.95
31.95
31.95
31.95
31.95
31.95
31.95
31.95
31.931
31.93
31.93
31.93
31.93
31.93
31.93
31.93
31.949
31.95
31.95
31.95
31.95
31.95
31.95
31.95
31.95
31.95
31.95
31.95
31.95
31.95
31.95
31.95
31.95
31.95
31.95
31.95
31.969
31.97
31.97
31.97
31.97
31.97
31.97
31.97
31.97
31.97
31.97
31.97
31.951
31.95
31.95
31.95
31.969
31.97
31.97
31.97
31.97
31.97
31.97
31.97
31.97
31.97
31.97
31.97
31.97
31.97
31.97
31.97
31.932
31.93
31.93
31.93
31.968
31.97
31.97
31.97
31.932
31.93
31.93
31.93
31.93
31.93
31.93
31.93
31.93
31.93
31.93
31.93
31.93
31.93
31.93
31.93
31.93
31.93
31.93
31.93
31.93
31.93
31.93
31.93
31.911
31.91
31.91
31.91
31.891
31.89
31.89
31.89
31.909
31.91
31.91
31.91
31.91
31.91
31.91
31.91
31.891
31.89
31.89
31.89
31.871
31.87
31.87
31.87
31.889
31.89
31.89
31.89
31.89
31.89
31.89
31.89
31.909
31.91
31.91
31.91
31.872
31.87
31.87
31.87
31.889
31.89
31.89
31.89
31.852
31.85
31.85
31.85
31.869
31.87
31.87
31.87
31.908
31.91
31.91
31.91
31.891
31.89
31.89
31.89
31.89
31.89
31.89
31.89
31.871
31.87
31.87
31.87
31.889
31.89
31.89
31.89
31.871
31.87
31.87
31.87
31.87
31.87
31.87
31.87
31.87
31.87
31.87
31.87
31.87
31.87
31.87
31.87
31.87
31.87
31.87
31.87
31.87
31.87
31.87
31.87
31.851
31.85
31.85
31.85
31.85
31.85
31.85
31.85
31.869
31.87
31.87
31.87
31.87
31.87
31.87
31.87
31.851
31.85
31.85
31.85
31.85
31.85
31.85
31.85
31.831
31.83
31.83
31.83
31.83
31.83
31.83
31.83
31.811
31.81
31.81
31.81
31.81
31.81
31.81
31.81
31.772
31.77
31.77
31.77
31.77
31.77
31.77
31.77
31.789
31.79
31.79
31.79
31.752
31.75
31.75
31.75
31.75
31.75
31.75
31.75
31.75
31.75
31.75
31.75
31.75
31.75
31.75
31.75
31.75
31.75
31.75
31.75
31.712
31.71
31.71
31.71
31.729
31.73
31.73
31.73
31.711
31.71
31.71
31.71
31.71
31.71
31.71
31.71
31.691
31.69
31.69
31.69
31.69
31.69
31.69
31.69
31.69
31.69
31.69
31.69
31.652
31.65
31.65
31.65
31.669
31.67
31.67
31.67
31.67
31.67
31.67
31.67
31.67
31.67
31.67
31.67
31.67
31.67
31.67
31.67
31.67
31.67
31.67
31.67
31.67
31.67
31.67
31.67
31.632
31.63
31.63
31.63
31.63
31.63
31.63
31.63
31.649
31.65
31.65
31.65
31.612
31.61
31.61
31.61
31.61
31.61
31.61
31.61
31.629
31.63
31.63
31.63
31.63
31.63
31.63
31.63
31.63
31.63
31.63
31.63
31.649
31.65
31.65
31.65
31.631
31.63
31.63
31.63
31.611
31.61
31.61
31.61
31.629
31.63
31.63
31.63
31.63
31.63
31.63
31.63
31.649
31.65
31.65
31.65
31.65
31.65
31.65
31.65
31.631
31.63
31.63
31.63
31.668
31.67
31.67
31.67
31.67
31.67
31.67
31.67
31.651
31.65
31.65
31.65
31.669
31.67
31.67
31.67
31.651
31.65
31.65
31.65
31.688
31.69
31.69
31.69
31.671
31.67
31.67
31.67
31.67
31.67
31.67
31.67
31.689
31.69
31.69
31.69
31.671
31.67
31.67
31.67
31.689
31.69
31.69
31.69
31.709
31.71
31.71
31.71
31.691
31.69
31.69
31.69
31.709
31.71
31.71
31.71
31.71
31.71
31.71
31.71
31.729
31.73
31.73
31.73
31.73
31.73
31.73
31.73
31.749
31.75
31.75
31.75
31.769
31.77
31.77
31.77
31.77
31.77
31.77
31.77
31.789
31.79
31.79
31.79
31.79
31.79
31.79
31.79
31.771
31.77
31.77
31.77
31.789
31.79
31.79
31.79
31.809
31.81
31.81
31.81
31.791
31.79
31.79
31.79
31.809
31.81
31.81
31.81
31.81
31.81
31.81
31.81
31.81
31.81
31.81
31.81
31.81
31.81
31.81
31.81
31.829
31.83
31.83
31.83
31.811
31.81
31.81
31.81
31.829
31.83
31.83
31.83
31.811
31.81
31.81
31.81
31.829
31.83
31.83
31.83
31.83
31.83
31.83
31.83
31.83
31.83
31.83
31.83
31.811
31.81
31.81
31.81
31.829
31.83
31.83
31.83
31.849
31.85
31.85
31.85
31.869
31.87
31.87
31.87
31.87
31.87
31.87
31.87
31.87
31.87
31.87
31.87
31.889
31.89
31.89
31.89
31.871
31.87
31.87
31.87
31.889
31.89
31.89
31.89
31.89
31.89
31.89
31.89
31.928
31.93
31.93
31.93
31.93
31.93
31.93
31.93
31.911
31.91
31.91
31.91
31.929
31.93
31.93
31.93
31.949
31.95
31.95
31.95
31.95
31.95
31.95
31.95
31.95
31.95
31.95
31.95
31.969
31.97
31.97
31.97
31.97
31.97
31.97
31.97
31.97
31.97
31.97
31.97
31.97
31.97
31.97
31.97
31.999
32
32
32
31.99
31.99
31.99
31.99
32
32
32
32
32.029
32.03
32.03
32.03
32.001
32
32
32
32.048
32.05
32.05
32.05
32.05
32.05
32.05
32.05
32.05
32.05
32.05
32.05
32.05
32.05
32.05
32.05
32.069
32.07
32.07
32.07
32.07
32.07
32.07
32.07
32.07
32.07
32.07
32.07
32.07
32.07
32.07
32.07
32.089
32.09
32.09
32.09
32.109
32.11
32.11
32.11
32.129
32.13
32.13
32.13
32.13
32.13
32.13
32.13
32.13
32.13
32.13
32.13
32.149
32.15
32.15
32.15
32.15
32.15
32.15
32.15
32.16
32.16
32.16
32.16
32.15
32.15
32.15
32.15
32.16
32.16
32.16
32.16
32.16
32.16
32.16
32.16
32.16
32.16
32.16
32.16
32.179
32.18
32.18
32.18
32.209
32.21
32.21
32.21
32.21
32.21
32.21
32.21
32.229
32.23
32.23
32.23
32.211
32.21
32.21
32.21
32.181
32.18
32.18
32.18
32.247
32.25
32.25
32.25
32.231
32.23
32.23
32.23
32.211
32.21
32.21
32.21
32.229
32.23
32.23
32.23
32.249
32.25
32.25
32.25
32.269
32.27
32.27
32.27
32.289
32.29
32.29
32.29
32.29
32.29
32.29
32.29
32.271
32.27
32.27
32.27
32.289
32.29
32.29
32.29
32.29
32.29
32.29
32.29
32.309
32.31
32.31
32.31
32.329
32.33
32.33
32.33
32.311
32.31
32.31
32.31
32.31
32.31
32.31
32.31
32.339
32.34
32.34
32.34
32.34
32.34
32.34
32.34
32.34
32.34
32.34
32.34
32.34
32.34
32.34
32.34
32.369
32.37
32.37
32.37
32.37
32.37
32.37
32.37
32.389
32.39
32.39
32.39
32.39
32.39
32.39
32.39
32.371
32.37
32.37
32.37
32.408
32.41
32.41
32.41
32.391
32.39
32.39
32.39
32.428
32.43
32.43
32.43
32.449
32.45
32.45
32.45
32.45
32.45
32.45
32.45
32.412
32.41
32.41
32.41
32.41
32.41
32.41
32.41
32.448
32.45
32.45
32.45
32.45
32.45
32.45
32.45
32.431
32.43
32.43
32.43
32.449
32.45
32.45
32.45
32.45
32.45
32.45
32.45
32.45
32.45
32.45
32.45
32.469
32.47
32.47
32.47
32.489
32.49
32.49
32.49
32.471
32.47
32.47
32.47
32.489
32.49
32.49
32.49
32.49
32.49
32.49
32.49
32.49
32.49
32.49
32.49
32.49
32.49
32.49
32.49
32.5
32.5
32.5
32.5
32.5
32.5
32.5
32.5
32.5
32.5
32.5
32.5
32.5
32.5
32.5
32.5
32.5
32.5
32.5
32.5
32.529
32.53
32.53
32.53
32.53
32.53
32.53
32.53
32.53
32.53
32.53
32.53
32.53
32.53
32.53
32.53
32.53
32.53
32.53
32.53
32.549
32.55
32.55
32.55
32.55
32.55
32.55
32.55
32.55
32.55
32.55
32.55
32.55
32.55
32.55
32.55
32.55
32.55
32.55
32.55
32.569
32.57
32.57
32.57
32.589
32.59
32.59
32.59
32.571
32.57
32.57
32.57
32.57
32.57
32.57
32.57
32.589
32.59
32.59
32.59
32.59
32.59
32.59
32.59
32.59
32.59
32.59
32.59
32.571
32.57
32.57
32.57
32.589
32.59
32.59
32.59
32.59
32.59
32.59
32.59
32.59
32.59
32.59
32.59
32.59
32.59
32.59
32.59
32.59
32.59
32.59
32.59
32.609
32.61
32.61
32.61
32.629
32.63
32.63
32.63
32.611
32.61
32.61
32.61
32.629
32.63
32.63
32.63
32.649
32.65
32.65
32.65
32.65
32.65
32.65
32.65
32.631
32.63
32.63
32.63
32.63
32.63
32.63
32.63
32.63
32.63
32.63
32.63
32.611
32.61
32.61
32.61
32.61
32.61
32.61
32.61
32.629
32.63
32.63
32.63
32.63
32.63
32.63
32.63
32.611
32.61
32.61
32.61
32.629
32.63
32.63
32.63
32.63
32.63
32.63
32.63
32.649
32.65
32.65
32.65
32.631
32.63
32.63
32.63
32.63
32.63
32.63
32.63
32.63
32.63
32.63
32.63
32.649
32.65
32.65
32.65
32.631
32.63
32.63
32.63
32.649
32.65
32.65
32.65
32.65
32.65
32.65
32.65
32.65
32.65
32.65
32.65
32.65
32.65
32.65
32.65
32.631
32.63
32.63
32.63
32.649
32.65
32.65
32.65
32.66
32.66
32.66
32.66
32.66
32.66
32.66
32.66
32.66
32.66
32.66
32.66
32.66
32.66
32.66
32.66
32.66
32.66
32.66
32.66
32.66
32.66
32.66
32.66
32.65
32.65
32.65
32.65
32.679
32.68
32.68
32.68
32.651
32.65
32.65
32.65
32.679
32.68
32.68
32.68
32.661
32.66
32.66
32.66
32.66
32.66
32.66
32.66
32.66
32.66
32.66
32.66
32.679
32.68
32.68
32.68
32.68
32.68
32.68
32.68
32.661
32.66
32.66
32.66
32.66
32.66
32.66
32.66
32.66
32.66
32.66
32.66
32.679
32.68
32.68
32.68
32.68
32.68
32.68
32.68
32.68
32.68
32.68
32.68
32.661
32.66
32.66
32.66
32.66
32.66
32.66
32.66
32.66
32.66
32.66
32.66
32.65
32.65
32.65
32.65
32.66
32.66
32.66
32.66
32.66
32.66
32.66
32.66
32.679
32.68
32.68
32.68
32.661
32.66
32.66
32.66
32.679
32.68
32.68
32.68
32.68
32.68
32.68
32.68
32.68
32.68
32.68
32.68
32.68
32.68
32.68
32.68
32.68
32.68
32.68
32.68
32.709
32.71
32.71
32.71
32.71
32.71
32.71
32.71
32.71
32.71
32.71
32.71
32.71
32.71
32.71
32.71
32.681
32.68
32.68
32.68
32.709
32.71
32.71
32.71
32.681
32.68
32.68
32.68
32.709
32.71
32.71
32.71
32.729
32.73
32.73
32.73
32.711
32.71
32.71
32.71
32.681
32.68
32.68
32.68
32.68
32.68
32.68
32.68
32.709
32.71
32.71
32.71
32.71
32.71
32.71
32.71
32.681
32.68
32.68
32.68
32.709
32.71
32.71
32.71
32.681
32.68
32.68
32.68
32.709
32.71
32.71
32.71
32.662
32.66
32.66
32.66
32.679
32.68
32.68
32.68
32.709
32.71
32.71
32.71
32.662
32.66
32.66
32.66
32.679
32.68
32.68
32.68
32.68
32.68
32.68
32.68
32.709
32.71
32.71
32.71
32.681
32.68
32.68
32.68
32.709
32.71
32.71
32.71
32.681
32.68
32.68
32.68
32.68
32.68
32.68
32.68
32.68
32.68
32.68
32.68
32.68
32.68
32.68
32.68
32.68
32.68
32.68
32.68
32.68
32.68
32.68
32.68
32.68
32.68
32.68
32.68
32.68
32.68
32.68
32.68
32.68
32.68
32.68
32.68
32.661
32.66
32.66
32.66
32.65
32.65
32.65
32.65
32.66
32.66
32.66
32.66
32.66
32.66
32.66
32.66
32.631
32.63
32.63
32.63
32.659
32.66
32.66
32.66
32.65
32.65
32.65
32.65
32.66
32.66
32.66
32.66
32.65
32.65
32.65
32.65
32.65
32.65
32.65
32.65
32.631
32.63
32.63
32.63
32.63
32.63
32.63
32.63
32.63
32.63
32.63
32.63
32.63
32.63
32.63
32.63
32.611
32.61
32.61
32.61
32.591
32.59
32.59
32.59
32.59
32.59
32.59
32.59
32.609
32.61
32.61
32.61
32.61
32.61
32.61
32.61
32.629
32.63
32.63
32.63
32.592
32.59
32.59
32.59
32.59
32.59
32.59
32.59
32.571
32.57
32.57
32.57
32.608
32.61
32.61
32.61
32.572
32.57
32.57
32.57
32.57
32.57
32.57
32.57
32.589
32.59
32.59
32.59
32.59
32.59
32.59
32.59
32.59
32.59
32.59
32.59
32.571
32.57
32.57
32.57
32.57
32.57
32.57
32.57
32.57
32.57
32.57
32.57
32.589
32.59
32.59
32.59
32.552
32.55
32.55
32.55
32.569
32.57
32.57
32.57
32.57
32.57
32.57
32.57
32.57
32.57
32.57
32.57
32.589
32.59
32.59
32.59
32.571
32.57
32.57
32.57
32.589
32.59
32.59
32.59
32.571
32.57
32.57
32.57
32.589
32.59
32.59
32.59
32.59
32.59
32.59
32.59
32.59
32.59
32.59
32.59
32.59
32.59
32.59
32.59
32.59
32.59
32.59
32.59
32.59
32.59
32.59
32.59
32.59
32.59
32.59
32.59
32.59
32.59
32.59
32.59
32.59
32.59
32.59
32.59
32.59
32.59
32.59
32.59
32.628
32.63
32.63
32.63
32.63
32.63
32.63
32.63
32.63
32.63
32.63
32.63
32.63
32.63
32.63
32.63
32.63
32.63
32.63
32.63
32.63
32.63
32.63
32.63
32.63
32.63
32.63
32.63
32.649
32.65
32.65
32.65
32.65
32.65
32.65
32.65
32.65
32.65
32.65
32.65
32.66
32.66
32.66
32.66
32.65
32.65
32.65
32.65
32.66
32.66
32.66
32.66
32.65
32.65
32.65
32.65
32.65
32.65
32.65
32.65
32.66
32.66
32.66
32.66
32.65
32.65
32.65
32.65
32.679
32.68
32.68
32.68
32.661
32.66
32.66
32.66
32.66
32.66
32.66
32.66
32.66
32.66
32.66
32.66
32.679
32.68
32.68
32.68
32.68
